0.0 0.0 0.0 
0.009478807161590448 -0.000608065762926755 0.0 
0.018957614323180896 -0.00121613152585351 0.0 
0.02843642148477134 -0.0018241972887802647 0.0 
0.03791522864636179 -0.00243226305170702 0.0 
0.04739403580795224 -0.0030403288146337746 0.0 
0.05687284296954268 -0.0036483945775605295 0.0 
0.06635165013113313 -0.004256460340487284 0.0 
0.07583045729272359 -0.00486452610341404 0.0 
0.08530926445431403 -0.005472591866340795 0.0 
0.09478807161590448 -0.006080657629267549 0.0 
0.10426687877749494 -0.006688723392194305 0.0 
0.11374568593908536 -0.007296789155121059 0.0 
0.12322449310067583 -0.007904854918047814 0.0 
0.13270330026226626 -0.008512920680974569 0.0 
0.14218210742385673 -0.009120986443901323 0.0 
0.15166091458544717 -0.00972905220682808 0.0 
0.1611397217470376 -0.010337117969754834 0.0 
0.17061852890862805 -0.01094518373268159 0.0 
0.18009733607021852 -0.011553249495608342 0.0 
0.18957614323180896 -0.012161315258535099 0.0 
0.014744811140251808 0.007296789155121063 0.0 
0.02422361830184225 0.00668872339219431 0.0 
0.03370242546343271 0.0060806576292675545 0.0 
0.04318123262502315 0.005472591866340799 0.0 
0.052660039786613586 0.004864526103414044 0.0 
0.062138846948204034 0.0042564603404872895 0.0 
0.0716176541097945 0.0036483945775605342 0.0 
0.08109646127138494 0.003040328814633779 0.0 
0.09057526843297539 0.0024322630517070246 0.0 
0.10005407559456585 0.0018241972887802686 0.0 
0.10953288275615627 0.0012161315258535149 0.0 
0.11901168991774674 0.0006080657629267595 0.0 
0.12849049707933718 5.6759868334619456e-18 0.0 
0.13796930424092765 -0.0006080657629267496 0.0 
0.1474481114025181 -0.001216131525853505 0.0 
0.15692691856410854 -0.0018241972887802602 0.0 
0.16640572572569898 -0.0024322630517070155 0.0 
0.17588453288728942 -0.0030403288146337694 0.0 
0.1853633400488799 -0.0036483945775605247 0.0 
0.029489622280503617 0.014593578310242127 0.0 
0.03896842944209406 0.013985512547315374 0.0 
0.0484472366036845 0.01337744678438862 0.0 
0.057926043765274944 0.012769381021461863 0.0 
0.06740485092686542 0.012161315258535109 0.0 
0.07688365808845586 0.011553249495608353 0.0 
0.0863624652500463 0.010945183732681598 0.0 
0.09584127241163676 0.010337117969754842 0.0 
0.10532007957322717 0.009729052206828088 0.0 
0.11479888673481764 0.009120986443901333 0.0 
0.12427769389640807 0.008512920680974579 0.0 
0.13375650105799855 0.007904854918047825 0.0 
0.143235308219589 0.0072967891551210685 0.0 
0.15271411538117943 0.006688723392194313 0.0 
0.16219292254276987 0.006080657629267558 0.0 
0.17167172970436032 0.005472591866340804 0.0 
0.18115053686595078 0.004864526103414049 0.0 
-0.1885229424360767 0.02857909085755749 0.0 
0.04423443342075542 0.021890367465363186 0.0 
0.05371324058234586 0.021282301702436432 0.0 
0.06319204774393632 0.020674235939509678 0.0 
0.07267085490552677 0.02006617017658292 0.0 
0.08214966206711721 0.019458104413656165 0.0 
0.09162846922870767 0.01885003865072941 0.0 
0.1011072763902981 0.018241972887802656 0.0 
0.11058608355188856 0.017633907124875902 0.0 
0.12006489071347899 0.017025841361949148 0.0 
0.12954369787506945 0.016417775599022393 0.0 
0.13902250503665992 0.015809709836095635 0.0 
0.14850131219825036 0.015201644073168881 0.0 
0.1579801193598408 0.014593578310242127 0.0 
0.16745892652143124 0.01398551254731537 0.0 
0.17693773368302168 0.013377446784388616 0.0 
-0.19273574561900578 0.03709201153853206 0.0 
0.058979244561007234 0.029187156620484253 0.0 
0.06845805172259768 0.0285790908575575 0.0 
0.07793685888418812 0.027971025094630748 0.0 
0.08741566604577858 0.027362959331703986 0.0 
0.096894473207369 0.02675489356877724 0.0 
0.10637328036895946 0.02614682780585048 0.0 
0.11585208753054989 0.025538762042923727 0.0 
0.12533089469214037 0.024930696279996972 0.0 
0.13480970185373084 0.024322630517070218 0.0 
0.14428850901532125 0.02371456475414346 0.0 
0.15376731617691172 0.023106498991216706 0.0 
0.16324612333850214 0.02249843322828995 0.0 
0.1727249305000926 0.021890367465363197 0.0 
-0.19694854880193488 0.04560493221950664 0.0 
-0.1874697416403444 0.04499686645657988 0.0 
0.07372405570125905 0.03648394577560531 0.0 
0.08320286286284949 0.03587588001267856 0.0 
0.09268167002443992 0.035267814249751804 0.0 
0.10216047718603039 0.03465974848682505 0.0 
0.11163928434762081 0.034051682723898295 0.0 
0.12111809150921128 0.03344361696097154 0.0 
0.13059689867080174 0.032835551198044786 0.0 
0.14007570583239218 0.03222748543511803 0.0 
0.14955451299398262 0.03161941967219127 0.0 
0.15903332015557306 0.03101135390926452 0.0 
0.1685121273171635 0.030403288146337762 0.0 
-0.20116135198486396 0.054117852900481205 0.0 
-0.19168254482327352 0.05350978713755445 0.0 
0.08846886684151084 0.04378073493072637 0.0 
0.09794767400310131 0.04317266916779962 0.0 
0.10742648116469172 0.042564603404872864 0.0 
0.11690528832628219 0.04195653764194611 0.0 
0.12638409548787263 0.041348471879019355 0.0 
0.1358629026494631 0.0407404061160926 0.0 
0.14534170981105354 0.04013234035316584 0.0 
0.15482051697264398 0.039524274590239085 0.0 
0.16429932413423443 0.03891620882731233 0.0 
-0.20537415516779303 0.06263077358145577 0.0 
-0.1958953480062026 0.06202270781852901 0.0 
-0.18641654084461215 0.06141464205560227 0.0 
0.10321367798176265 0.05107752408584744 0.0 
0.11269248514335312 0.050469458322920685 0.0 
0.12217129230494357 0.049861392559993924 0.0 
0.131650099466534 0.04925332679706717 0.0 
0.14112890662812447 0.048645261034140415 0.0 
0.1506077137897149 0.04803719527121366 0.0 
0.16008652095130535 0.047429129508286906 0.0 
-0.20958695835072214 0.07114369426243035 0.0 
-0.20010815118913167 0.0705356284995036 0.0 
-0.19062934402754123 0.06992756273657684 0.0 
0.11795848912201447 0.058374313240968506 0.0 
0.1274372962836049 0.05776624747804176 0.0 
0.13691610344519536 0.057158181715115 0.0 
0.1463949106067858 0.05655011595218825 0.0 
0.15587371776837625 0.055942050189261495 0.0 
-0.21379976153365118 0.07965661494340492 0.0 
-0.20432095437206077 0.07904854918047818 0.0 
-0.19484214721047033 0.07844048341755142 0.0 
-0.1853633400488799 0.07783241765462467 0.0 
0.1327033002622663 0.06567110239608957 0.0 
0.14218210742385673 0.06506303663316282 0.0 
0.15166091458544717 0.06445497087023606 0.0 
-0.2180125647165803 0.08816953562437949 0.0 
-0.20853375755498987 0.08756146986145273 0.0 
-0.1990549503933994 0.08695340409852599 0.0 
-0.18957614323180896 0.08634533833559922 0.0 
0.1474481114025181 0.07296789155121063 0.0 
-0.2222253678995094 0.09668245630535406 0.0 
-0.21274656073791892 0.09607439054242731 0.0 
-0.2032677535763285 0.09546632477950057 0.0 
-0.19378894641473804 0.0948582590165738 0.0 
-0.1843101392531476 0.09425019325364706 0.0 
-0.21695936392084803 0.10458731122340191 0.0 
-0.2074805567592576 0.10397924546047514 0.0 
-0.19800174959766714 0.1033711796975484 0.0 
-0.1885229424360767 0.10276311393462163 0.0 
-0.20221455278059622 0.11188410037852295 0.0 
-0.19273574561900578 0.11127603461559618 0.0 
-0.1832569384574153 0.11066796885266944 0.0 
-0.1874697416403444 0.11918088953364403 0.0 
