1.0 
6.0 
6.0 
6.0 
6.0 
6.0 
6.0 
6.0 
6.0 
6.0 
6.0 
6.0 
6.0 
6.0 
6.0 
6.0 
6.0 
6.0 
6.0 
6.0 
3.0 
6.0 
12.0 
12.0 
12.0 
12.0 
12.0 
12.0 
12.0 
12.0 
12.0 
12.0 
12.0 
12.0 
12.0 
12.0 
12.0 
12.0 
12.0 
12.0 
6.0 
12.0 
12.0 
12.0 
12.0 
12.0 
12.0 
12.0 
12.0 
12.0 
12.0 
12.0 
12.0 
12.0 
12.0 
12.0 
12.0 
6.0 
6.0 
12.0 
12.0 
12.0 
12.0 
12.0 
12.0 
12.0 
12.0 
12.0 
12.0 
12.0 
12.0 
12.0 
12.0 
12.0 
6.0 
12.0 
12.0 
12.0 
12.0 
12.0 
12.0 
12.0 
12.0 
12.0 
12.0 
12.0 
12.0 
12.0 
6.0 
6.0 
12.0 
12.0 
12.0 
12.0 
12.0 
12.0 
12.0 
12.0 
12.0 
12.0 
12.0 
12.0 
6.0 
12.0 
12.0 
12.0 
12.0 
12.0 
12.0 
12.0 
12.0 
12.0 
12.0 
6.0 
6.0 
12.0 
12.0 
12.0 
12.0 
12.0 
12.0 
12.0 
12.0 
12.0 
6.0 
12.0 
12.0 
12.0 
12.0 
12.0 
12.0 
12.0 
6.0 
6.0 
12.0 
12.0 
12.0 
12.0 
12.0 
12.0 
6.0 
12.0 
12.0 
12.0 
12.0 
6.0 
6.0 
12.0 
12.0 
12.0 
6.0 
12.0 
6.0 
6.0 
